5 0.3683067729083665 0.45405737704918037 0.060996015936254984 0.1875
3 0.038944223107569724 0.46049180327868855 0.07623505976095618 0.15598360655737706
4 0.12197211155378486 0.6216803278688524 0.08292828685258964 0.1675409836065574
4 0.20306772908366533 0.45045081967213113 0.08575697211155378 0.1734016393442623
3 0.12503984063745022 0.10360655737704919 0.08298804780876494 0.16581967213114754
3 0.04149402390438247 0.10418032786885247 0.08298804780876494 0.16581967213114754
3 0.29304780876494024 0.10299180327868852 0.08298804780876494 0.16581967213114754
3 0.2095019920318725 0.1035655737704918 0.08298804780876494 0.16581967213114754
3 0.45336653386454184 0.10352459016393444 0.08298804780876494 0.16581967213114754
3 0.36982071713147413 0.10352459016393444 0.08298804780876494 0.16581967213114754
3 0.6169322709163346 0.10397540983606558 0.08298804780876494 0.16581967213114754
3 0.5333864541832669 0.10397540983606558 0.08298804780876494 0.16581967213114754
0 0.4479083665338645 0.2792213114754098 0.11394422310756973 0.22713114754098362
3 0.5764342629482072 0.3717622950819672 0.15354581673306772 0.2619672131147541
3 0.8222310756972111 0.370327868852459 0.3363545816733068 0.6937295081967213
0 0.8638446215139441 0.6608606557377049 0.16892430278884463 0.39618852459016396