3 0.2684302325581395 0.5220472440944882 0.22502906976744186 0.2710236220472441
3 0.503313953488372 0.5163385826771654 0.23139534883720927 0.2667716535433071
0 0.7970348837209302 0.6009448818897637 0.1811046511627907 0.26653543307086613
0 0.209796511627907 0.7500787401574803 0.17293604651162792 0.24507874015748032
4 0.08104651162790698 0.27767716535433073 0.11805232558139535 0.1521259842519685
4 0.2005813953488372 0.2746850393700787 0.1155232558139535 0.14814960629921262
4 0.3184593023255814 0.2753543307086614 0.1155232558139535 0.14814960629921262
4 0.5626744186046512 0.2746850393700787 0.1155232558139535 0.14814960629921262
4 0.7975581395348837 0.27374015748031494 0.1155232558139535 0.14814960629921262
4 0.08270348837209301 0.5963385826771653 0.1155232558139535 0.14814960629921262
3 0.07965116279069767 0.1118503937007874 0.12767441860465117 0.15539370078740158
3 0.2066860465116279 0.11263779527559055 0.12767441860465117 0.15539370078740158
3 0.3250581395348837 0.11641732283464568 0.12767441860465117 0.15539370078740158
3 0.43784883720930234 0.11744094488188976 0.12767441860465117 0.15539370078740158
3 0.5573255813953488 0.11921259842519685 0.12767441860465117 0.15539370078740158
3 0.6759302325581396 0.11381889763779528 0.12767441860465117 0.15539370078740158
3 0.8002325581395348 0.11346456692913386 0.12767441860465117 0.15539370078740158
3 0.9147674418604651 0.10767716535433071 0.12767441860465117 0.15539370078740158