3 0.7372 0.1483 0.20620000000000002 0.18960000000000002
2 0.5188 0.502 0.1646 0.2016
4 0.5 0.3461 1 0.1934
3 0.1365 0.1477 0.20010000000000003 0.18710000000000002
3 0.33770000000000006 0.7408 0.1861 0.1946
3 0.7402 0.7411 0.1981 0.1905
4 0.23879999999999998 0.5412 0.4023 0.193
4 0.7406 0.5435 0.2036 0.1999
4 0.9206 0.7390000000000001 0.1588 0.1956
4 0.5372 0.74 0.2086 0.2
4 0.1215 0.7417 0.243 0.2011
4 0.44 0.9240999999999999 0.8001 0.1518
4 0.33799999999999997 0.1459 0.203 0.18359999999999999
4 0.9212 0.1451 0.1576 0.1867