0 0.5000651041666667 0.688913612565445 0.12121744791666667 0.12454188481675393
0 0.9680533854166667 0.3196465968586388 0.06389322916666666 0.12454188481675393
0 0.8430664062500001 0.11930628272251309 0.06389322916666666 0.23859947643979057
3 0.21904947916666664 0.06278795811518324 0.06537760416666667 0.0863089005235602
3 0.28244791666666663 0.06242146596858639 0.06537760416666667 0.0863089005235602
3 0.2505598958333333 0.1950261780104712 0.12153645833333333 0.10289267015706806
3 0.05637369791666667 0.6298821989528796 0.08521484374999999 0.17397905759162302
3 0.05636067708333333 0.8836256544502619 0.08521484374999999 0.17397905759162302
3 0.9368229166666667 0.8746989528795811 0.08521484374999999 0.17397905759162302
3 0.4058723958333333 0.13143979057591623 0.06474609375 0.21053664921465967
3 0.40852213541666665 0.4362958115183246 0.04719401041666666 0.12979057591623036
3 0.4085872395833334 0.5656806282722513 0.04569661458333333 0.1300523560209424
3 0.50248046875 0.5009424083769634 0.12442708333333334 0.2525261780104712
3 0.5926236979166667 0.44056282722513085 0.04591796875 0.12850785340314136
3 0.5952734375000001 0.5668586387434554 0.04472005208333333 0.12260471204188482
3 0.7819661458333332 0.06591623036649215 0.058404947916666665 0.12530104712041884
3 0.90759765625 0.06553664921465968 0.060638020833333334 0.12451570680628271
3 0.4699479166666667 0.13123036649214662 0.06212239583333334 0.21053664921465967
3 0.5326888020833334 0.13102094240837694 0.06232421875 0.21053664921465967
3 0.5954361979166667 0.13163612565445026 0.06232421875 0.21053664921465967