3 0.1159375 0.12256249999999999 0.1996875 0.205
4 0.419125 0.1179375 0.406625 0.1980625
4 0.70875 0.318875 0.5825625 0.2014375
4 0.908 0.5226875 0.1839375 0.2128125
4 0.20875 0.5206875 0.4174375 0.1994375
4 0.1173125 0.8113125 0.20393750000000002 0.377375
4 0.42093749999999996 0.9156875 0.40325 0.168625
4 0.709875 0.7239375 0.5801875 0.20256249999999998
4 0.9091875 0.912125 0.18162499999999998 0.1756875
3 0.9133125 0.11612499999999999 0.173375 0.20400000000000001
3 0.7226874999999999 0.5188125 0.1906875 0.1980625