3 0.10175000000000001 0.7224999999999999 0.2011875 0.21625
4 0.5972500000000001 0.9115624999999999 0.40443749999999995 0.176875
4 0.1008125 0.915125 0.201625 0.1698125
1 0.53525 0.8230625 0.646 0.155125
1 0.8025625 0.9498749999999999 0.10987499999999999 0.10024999999999999
1 0.058750000000000004 0.304375 0.11750000000000001 0.60875
1 0.2296875 0.5461875 0.2281875 0.1371875
1 0.27218749999999997 0.682 0.1410625 0.1258125
4 0.1214375 0.3066875 0.18156250000000002 0.613375
4 0.5155000000000001 0.40412499999999996 0.6088125 0.8083125000000001
4 0.9109375 0.5 0.17806249999999998 1