3 0.10200000000000001 0.10024999999999999 0.20400000000000001 0.20049999999999998
3 0.306 0.10024999999999999 0.199375 0.20049999999999998
3 0.5077499999999999 0.1008125 0.2015 0.20168750000000002
3 0.7058125000000001 0.10024999999999999 0.1921875 0.20049999999999998
3 0.7020625 0.5063125 0.19125 0.20575000000000002
3 0.30125 0.5074375 0.192625 0.205
3 0.10187500000000001 0.5075000000000001 0.2013125 0.2048125
3 0.3041875 0.717 0.19718750000000002 0.20787499999999998
3 0.102125 0.7176875 0.20099999999999998 0.2078125
3 0.5018125 0.5071875 0.206875 0.2034375
3 0.5028125 0.7136875 0.199 0.20806249999999998
3 0.7050625 0.7093125 0.197875 0.20875
0 0.40549999999999997 0.9103749999999999 0.40525 0.17925