4 0.8119375 0.1268125 0.3761875 0.199375
4 0.5198750000000001 0.32556250000000003 0.59875 0.2006875
4 0.81075 0.5288125 0.3785625 0.1920625
4 0.709875 0.7280625 0.5801875 0.2014375
4 0.8113125 0.9156875 0.377375 0.168625
4 0.10968750000000001 0.1233125 0.21937500000000001 0.2018125
4 0.2084375 0.5274375 0.41693749999999996 0.19875
4 0.1151875 0.8154375 0.197375 0.36912500000000004
4 0.3149375 0.9174374999999999 0.2124375 0.16512500000000002
3 0.5215 0.12606250000000002 0.191625 0.2049375
3 0.9098124999999999 0.3246875 0.1804375 0.2013125