4 0.5 0.12150000000000001 1 0.19818750000000002
4 0.22075 0.32275 0.4108125 0.2044375
4 0.524625 0.5253125 0.197875 0.2015625
4 0.7253125 0.32325 0.205375 0.20550000000000002
4 0.9156875 0.525125 0.168625 0.203625
4 0.11074999999999999 0.5265625 0.22149999999999997 0.1994375
4 0.42062499999999997 0.72975 0.805875 0.193
4 0.209375 0.9139375 0.41875 0.1721875
3 0.319875 0.523875 0.19875 0.201125
3 0.7226874999999999 0.5231250000000001 0.20012500000000003 0.20193750000000002
3 0.9115624999999999 0.91275 0.176875 0.17450000000000002