4 0.320875 0.12493749999999999 0.6059375 0.20037500000000003
4 0.10968750000000001 0.32556250000000003 0.21931250000000002 0.1983125
4 0.5237499999999999 0.5273125000000001 0.604125 0.20325000000000001
4 0.7110624999999999 0.32618749999999996 0.5778125000000001 0.1995
4 0.9112500000000001 0.1251875 0.176875 0.20325000000000001
4 0.70875 0.7314375 0.5825625 0.1986875
4 0.1114375 0.7304999999999999 0.222875 0.201625
4 0.322 0.9156875 0.1935 0.168625
4 0.7226250000000001 0.9156875 0.21175000000000002 0.168625
3 0.7224375000000001 0.1234375 0.19724999999999998 0.202
3 0.5190625 0.9145 0.19537500000000002 0.17099999999999999