3 0.5019375 0.11962500000000001 0.19724999999999998 0.215625
3 0.293375 0.321 0.204625 0.18687499999999999
3 0.096125 0.5 0.1921875 1
4 0.2964375 0.618 0.20631249999999998 0.40812499999999996
4 0.9179999999999999 0.7388125 0.16399999999999998 0.522375
4 0.63325 0.837875 0.40824999999999995 0.32425000000000004
4 0.33381249999999996 0.9434374999999999 0.18662499999999999 0.1131875
1 0.8778750000000001 0.4390625 0.2441875 0.156375
1 0.8088749999999999 0.621625 0.1014375 0.2125
1 0.547375 0.6486875000000001 0.4274375 0.1534375
1 0.39075000000000004 0.83125 0.12125 0.2189375
1 0.256125 0.9045 0.1350625 0.191