1 0.22200000000000003 0.0523125 0.4439375 0.104625
1 0.397625 0.20037500000000003 0.10187500000000001 0.195625
1 0.5565625 0.2404375 0.2145625 0.10818749999999999
1 0.6133124999999999 0.4054375 0.1086875 0.22125
1 0.7681875 0.4613125 0.2015 0.11374999999999999
1 0.8208125000000001 0.6220625 0.10387500000000001 0.197
1 0.9386875 0.6648125 0.12262500000000001 0.11268750000000001
4 0.1889375 0.5359375 0.3778125 0.9280625
4 0.479375 0.63975 0.20637500000000003 0.7205
4 0.681375 0.737625 0.1976875 0.5247499999999999
4 0.8804375 0.8331250000000001 0.20187499999999997 0.33375