3 0.9109375 0.12437499999999999 0.17806249999999998 0.20631249999999998
4 0.3095625 0.122125 0.619125 0.1994375
4 0.3178125 0.424875 0.196875 0.406375
4 0.8095625 0.323375 0.38087499999999996 0.1975
4 0.518875 0.7151875000000001 0.20049999999999998 0.5695625
4 0.722 0.52725 0.2010625 0.20074999999999998
4 0.9115624999999999 0.7270625 0.176875 0.2018125
4 0.7185625 0.91625 0.20593750000000002 0.1674375
4 0.11087499999999999 0.729875 0.22168749999999998 0.20031249999999998
3 0.1140625 0.527625 0.19975 0.1990625
3 0.317875 0.7278125 0.19 0.1985