4 0.09775 0.7325625 0.1955 0.20099999999999998
4 0.59875 0.7306874999999999 0.40737500000000004 0.19724999999999998
1 0.0270625 0.22731249999999997 0.0540625 0.45462499999999995
1 0.1550625 0.40756249999999994 0.196875 0.1170625
1 0.22200000000000003 0.5587500000000001 0.0808125 0.1859375
1 0.5789375 0.6002500000000001 0.6200625 0.115625
1 0.8412499999999999 0.7581249999999999 0.102375 0.20018750000000002
1 0.946375 0.8015625 0.1073125 0.11256250000000001
3 0.10387500000000001 0.5205625 0.20768749999999997 0.21325
4 0.12268749999999999 0.20187499999999997 0.1888125 0.4038125
4 0.516875 0.29925 0.59975 0.5984375
4 0.9098124999999999 0.393125 0.1804375 0.7861875