3 0.1131875 0.10318750000000002 0.22643749999999999 0.20637500000000003
3 0.4999375 0.10024999999999999 0.20037500000000003 0.20049999999999998
3 0.7033125 0.1008125 0.2038125 0.201625
3 0.903875 0.1008125 0.1921875 0.201625
3 0.504 0.503625 0.199 0.2148125
3 0.5050625 0.7139375 0.2011875 0.20856249999999998
3 0.71025 0.5035624999999999 0.20825 0.2170625
3 0.9056875 0.5041249999999999 0.1886875 0.2134375
3 0.711625 0.7141875 0.21331250000000002 0.206625
3 0.9050625 0.7146874999999999 0.189875 0.20525000000000002
0 0.796 0.9115624999999999 0.40800000000000003 0.176875