4 0.21381250000000002 0.12481249999999999 0.42756249999999996 0.19775
4 0.6090625000000001 0.32606250000000003 0.7818125 0.19924999999999998
4 0.7214375000000001 0.12450000000000001 0.1999375 0.20412499999999997
4 0.3248125 0.52675 0.607125 0.2044375
4 0.5265 0.7280625 0.61675 0.2038125
4 0.1135 0.9145 0.1940625 0.17099999999999999
4 0.5215 0.915125 0.2128125 0.1698125
4 0.9139375 0.9156875 0.1721875 0.168625
3 0.5245625 0.127125 0.190625 0.19537500000000002
3 0.9133125 0.1268125 0.173375 0.19475
3 0.31237499999999996 0.9150625 0.1955 0.169875