1 0.238 0.22643749999999999 0.476 0.14156249999999998
1 0.4139375 0.39925 0.127375 0.20881249999999998
1 0.57525 0.449125 0.19537500000000002 0.108125
1 0.6186875 0.6120625000000001 0.11468750000000001 0.2194375
1 0.7775000000000001 0.6545 0.2013125 0.12268749999999999
1 0.822125 0.8188124999999999 0.11837500000000001 0.20125
1 0.9445625 0.858375 0.11087499999999999 0.1200625
4 0.19043749999999998 0.63325 0.38087499999999996 0.7335
4 0.4803125 0.737625 0.21056249999999999 0.5247499999999999
4 0.6818125 0.8384375000000001 0.1985 0.323125
4 0.881375 0.9375 0.2014375 0.125