4 0.3166875 0.12993749999999998 0.1923125 0.196125
4 0.5149375 0.328875 0.595875 0.19075
4 0.8095625 0.124125 0.38087499999999996 0.201125
4 0.11025 0.5345 0.2205625 0.2010625
4 0.5200625 0.5265 0.2004375 0.2015625
4 0.6201875 0.7306250000000001 0.403125 0.19468749999999999
4 0.3148125 0.9174374999999999 0.2098125 0.16512500000000002
4 0.9103749999999999 0.5269999999999999 0.17925 0.20256249999999998
4 0.9115624999999999 0.9139375 0.176875 0.1721875
3 0.319 0.52675 0.19225 0.20212500000000003
3 0.11287499999999999 0.32606250000000003 0.19975 0.1970625