4 0.900375 0.2998125 0.1993125 0.19637500000000002
4 0.3054375 0.301875 0.610875 0.19343749999999998
4 0.10262500000000001 0.70025 0.2051875 0.2
3 0.1014375 0.10318750000000002 0.2028125 0.20637500000000003
3 0.30062500000000003 0.10400000000000001 0.1908125 0.2046875
3 0.49693750000000003 0.10375000000000001 0.1966875 0.2075625
3 0.6976875 0.10200000000000001 0.20431249999999998 0.20400000000000001
3 0.900375 0.1014375 0.1993125 0.2028125
3 0.40406250000000005 0.6012500000000001 0.40025000000000005 0.40531249999999996
3 0.8029999999999999 0.6015625 0.3939375 0.40599999999999997
0 0.2954375 0.8844375 0.2868125 0.23112499999999997