3 0.11850000000000001 0.129625 0.19918750000000002 0.205
3 0.3139375 0.328125 0.1915625 0.191625
3 0.5175 0.5269999999999999 0.1978125 0.20256249999999998
4 0.520375 0.12793749999999998 0.19875 0.201625
4 0.7093125 0.3266875 0.581375 0.19343749999999998
4 0.9098124999999999 0.1265 0.1804375 0.19875
4 0.7163125 0.525375 0.2014375 0.20637500000000003
4 0.8089375000000001 0.7315 0.3820625 0.20350000000000001
4 0.21056249999999999 0.5290625 0.4210625 0.20206249999999998
4 0.11656249999999999 0.81425 0.2095625 0.3714375
4 0.517625 0.9192500000000001 0.20031249999999998 0.1615625