3 0.1224375 0.3244375 0.196125 0.20074999999999998
3 0.522375 0.32599999999999996 0.20037500000000003 0.1945
3 0.7246875 0.728 0.194625 0.20368750000000002
4 0.1114375 0.12350000000000001 0.222875 0.1964375
4 0.32287499999999997 0.32356250000000003 0.1976875 0.2013125
4 0.5238125 0.12775 0.20325000000000001 0.192625
4 0.8119375 0.3245 0.3761875 0.193875
4 0.9109375 0.1251875 0.17806249999999998 0.2008125
4 0.3125 0.5258125 0.625 0.197875
4 0.11025 0.727 0.2205 0.197
4 0.20987499999999998 0.9174374999999999 0.41974999999999996 0.16512500000000002
4 0.7264999999999999 0.91625 0.195875 0.1674375
4 0.9115624999999999 0.726125 0.176875 0.1975