0 0.17540983606557378 0.1323529411764706 0.10819672131147541 0.13529411764705881
3 0.35081967213114756 0.8147058823529412 0.06557377049180328 0.0803921568627451
3 0.6180327868852459 0.7392156862745098 0.06557377049180328 0.0803921568627451
3 0.5491803278688525 0.6529411764705882 0.06557377049180328 0.0803921568627451
3 0.7508196721311475 0.49607843137254903 0.06557377049180328 0.0803921568627451
3 0.6860655737704918 0.8166666666666667 0.06557377049180328 0.0803921568627451
4 0.41885245901639345 0.49411764705882355 0.06721311475409836 0.08235294117647059
4 0.48688524590163934 0.49411764705882355 0.06721311475409836 0.08235294117647059
4 0.48688524590163934 0.5754901960784313 0.06721311475409836 0.08235294117647059
4 0.4852459016393443 0.6568627450980392 0.06721311475409836 0.08235294117647059
4 0.419672131147541 0.6558823529411765 0.06721311475409836 0.08235294117647059
4 0.41885245901639345 0.7382352941176471 0.06721311475409836 0.08235294117647059
4 0.48442622950819675 0.7382352941176471 0.06721311475409836 0.08235294117647059
4 0.4860655737704918 0.8196078431372549 0.06721311475409836 0.08235294117647059
4 0.4860655737704918 0.9019607843137255 0.06721311475409836 0.08235294117647059
4 0.5516393442622951 0.8176470588235294 0.06721311475409836 0.08235294117647059
4 0.5524590163934426 0.5754901960784313 0.06721311475409836 0.08235294117647059
4 0.6213114754098361 0.5754901960784313 0.06721311475409836 0.08235294117647059
4 0.6885245901639344 0.5745098039215686 0.06721311475409836 0.08235294117647059
4 0.6885245901639344 0.653921568627451 0.06721311475409836 0.08235294117647059
4 0.6885245901639344 0.7372549019607844 0.06721311475409836 0.08235294117647059
4 0.7540983606557377 0.6558823529411765 0.06721311475409836 0.08235294117647059
4 0.8221311475409836 0.8147058823529412 0.06721311475409836 0.08235294117647059
4 0.7549180327868853 0.8960784313725491 0.06721311475409836 0.08235294117647059
4 0.7549180327868853 0.9676470588235294 0.06721311475409836 0.06470588235294118
4 0.6885245901639344 0.8980392156862745 0.06721311475409836 0.08235294117647059
4 0.6188524590163934 0.8186274509803921 0.06721311475409836 0.08235294117647059
4 0.6213114754098361 0.8980392156862745 0.06721311475409836 0.08235294117647059
4 0.6188524590163934 0.9686274509803922 0.06721311475409836 0.06274509803921569
4 0.5549180327868852 0.9686274509803922 0.06721311475409836 0.06274509803921569
4 0.41885245901639345 0.9686274509803922 0.06721311475409836 0.06274509803921569
4 0.35 0.8960784313725491 0.06721311475409836 0.08235294117647059
4 0.35 0.9686274509803922 0.06721311475409836 0.06274509803921569
3 0.7180327868852459 0.22549019607843138 0.39672131147540984 0.45098039215686275