0 0.19236065573770492 0.1116078431372549 0.11345901639344261 0.12950980392156863
3 0.7627868852459017 0.3213921568627451 0.06768852459016393 0.07839215686274509
3 0.9661639344262295 0.4816470588235294 0.06767213114754099 0.07839215686274509
3 0.7001311475409836 0.6410980392156862 0.06767213114754099 0.07839215686274509
3 0.6278852459016393 0.558843137254902 0.06767213114754099 0.07839215686274509
3 0.4964262295081967 0.7997843137254902 0.06767213114754099 0.07839215686274509
3 0.7645081967213115 0.7226666666666667 0.06767213114754099 0.07839215686274509
4 0.4947377049180328 0.40262745098039215 0.06808196721311476 0.08029411764705884
4 0.4950983606557377 0.48449019607843136 0.06808196721311476 0.08029411764705884
4 0.5630983606557377 0.484 0.06808196721311476 0.08029411764705884
4 0.6314262295081967 0.48280392156862745 0.06808196721311476 0.08029411764705884
4 0.6301475409836065 0.4042745098039216 0.06808196721311476 0.08029411764705884
4 0.6990491803278689 0.40262745098039215 0.06808196721311476 0.08029411764705884
4 0.6989180327868852 0.4817843137254902 0.06808196721311476 0.08029411764705884
4 0.7674426229508197 0.48290196078431374 0.06808196721311476 0.08029411764705884
4 0.8361311475409836 0.4834901960784314 0.06808196721311476 0.08029411764705884
4 0.7657868852459017 0.5617058823529413 0.06808196721311476 0.08029411764705884
4 0.5629672131147542 0.5625686274509805 0.06808196721311476 0.08029411764705884
4 0.5630000000000001 0.6455490196078432 0.06808196721311476 0.08029411764705884
4 0.5622459016393443 0.7251176470588235 0.06808196721311476 0.08029411764705884
4 0.6290819672131148 0.7255098039215686 0.06808196721311476 0.08029411764705884
4 0.6981311475409836 0.7254901960784313 0.06808196721311476 0.08029411764705884
4 0.6305245901639345 0.8043725490196079 0.06808196721311476 0.08029411764705884
4 0.7634918032786886 0.8854901960784314 0.06808196721311476 0.08029411764705884
4 0.8308032786885247 0.8047058823529412 0.06808196721311476 0.08029411764705884
4 0.8991967213114754 0.8055098039215687 0.06808196721311476 0.08029411764705884
4 0.8328688524590164 0.725 0.06808196721311476 0.08029411764705884
4 0.7667704918032787 0.6420196078431373 0.06808196721311476 0.08029411764705884
4 0.8329672131147541 0.6446274509803921 0.06808196721311476 0.08029411764705884
4 0.9008196721311476 0.642843137254902 0.06808196721311476 0.08029411764705884
4 0.9659672131147541 0.7252352941176471 0.06806557377049181 0.08029411764705884
4 0.9001639344262296 0.5652549019607842 0.06806557377049181 0.08029411764705884
4 0.9659672131147541 0.5636470588235294 0.06806557377049181 0.08029411764705884
4 0.9000819672131147 0.40252941176470586 0.06806557377049181 0.08029411764705884
4 0.9659672131147541 0.40288235294117647 0.06806557377049181 0.08029411764705884
4 0.8309344262295082 0.320156862745098 0.06806557377049181 0.08029411764705884
4 0.9009508196721312 0.3209607843137255 0.06806557377049181 0.08029411764705884
3 0.22998360655737704 0.7602156862745097 0.459983606557377 0.47496078431372546