1 0.7075617283950617 0.5122767857142857 0.06172839506172839 0.7723214285714286
4 0.6095679012345679 0.5167410714285714 0.1527777777777778 0.6986607142857143
1 0.21682098765432098 0.5133928571428571 0.06172839506172839 0.5870535714285714
1 0.2654320987654321 0.13058035714285715 0.06172839506172839 0.2611607142857143
1 0.6705246913580247 0.10267857142857142 0.0941358024691358 0.11830357142857142
1 0.6033950617283951 0.03794642857142857 0.09567901234567901 0.07589285714285714
1 0.6512345679012346 0.9274553571428571 0.06481481481481481 0.14508928571428573
1 0.26851851851851855 0.8828125 0.06172839506172839 0.234375
4 0.29475308641975306 0.5133928571428571 0.15895061728395063 0.5089285714285714
4 0.4521604938271605 0.8125 0.3425925925925926 0.375
4 0.45447530864197533 0.2421875 0.35030864197530864 0.3392857142857143
4 0.4243827160493827 0.05022321428571429 0.2777777777777778 0.10044642857142858
3 0.8055555555555556 0.9866071428571429 0.06790123456790123 0.026785714285714284