3 0.2688953488372093 0.5216535433070866 0.2238372093023256 0.27165354330708663
3 0.502906976744186 0.515748031496063 0.23255813953488372 0.2677165354330709
0 0.7965116279069767 0.6003937007874016 0.18023255813953487 0.2677165354330709
0 0.20930232558139536 0.75 0.17151162790697674 0.2440944881889764
4 0.08139534883720931 0.27755905511811024 0.11918604651162791 0.15354330708661418
4 0.2005813953488372 0.2755905511811024 0.11627906976744186 0.14960629921259844
4 0.3183139534883721 0.2755905511811024 0.11627906976744186 0.14960629921259844
4 0.5625 0.2755905511811024 0.11627906976744186 0.14960629921259844
4 0.7979651162790697 0.2736220472440945 0.11627906976744186 0.14960629921259844
4 0.08284883720930232 0.5964566929133859 0.11627906976744186 0.14960629921259844
3 0.07994186046511628 0.11220472440944881 0.12790697674418605 0.15354330708661418
3 0.2063953488372093 0.11220472440944881 0.12790697674418605 0.15354330708661418
3 0.32558139534883723 0.11614173228346457 0.12790697674418605 0.15354330708661418
3 0.4375 0.11811023622047244 0.12790697674418605 0.15354330708661418
3 0.5566860465116279 0.12007874015748031 0.12790697674418605 0.15354330708661418
3 0.6758720930232558 0.1141732283464567 0.12790697674418605 0.15354330708661418
3 0.8008720930232558 0.1141732283464567 0.12790697674418605 0.15354330708661418
3 0.9142441860465116 0.10826771653543307 0.12790697674418605 0.15354330708661418