3 0.7220873786407767 0.5343137254901961 0.09951456310679611 0.08235294117647059
3 0.5218446601941747 0.8578431372549019 0.10194174757281553 0.0784313725490196
3 0.6201456310679612 0.2911764705882353 0.09951456310679611 0.08235294117647059
3 0.22572815533980584 0.453921568627451 0.09951456310679611 0.08235294117647059
3 0.720873786407767 0.7754901960784314 0.10194174757281553 0.0784313725490196
3 0.7233009708737864 0.2088235294117647 0.09951456310679611 0.08235294117647059
3 0.4186893203883495 0.696078431372549 0.10436893203883495 0.07647058823529412
3 0.4199029126213592 0.5313725490196078 0.0970873786407767 0.0784313725490196
3 0.03398058252427184 0.7735294117647059 0.06796116504854369 0.07647058823529412
3 0.21844660194174756 0.20980392156862746 0.09223300970873786 0.08235294117647059
4 0.720873786407767 0.6950980392156862 0.10194174757281553 0.08235294117647059
4 0.6213592233009708 0.8578431372549019 0.10194174757281553 0.08235294117647059
4 0.6225728155339806 0.7764705882352941 0.10194174757281553 0.08235294117647059
4 0.6213592233009708 0.6941176470588235 0.10194174757281553 0.08235294117647059
4 0.5194174757281553 0.7745098039215687 0.10194174757281553 0.08235294117647059
4 0.5230582524271845 0.6931372549019608 0.10194174757281553 0.08235294117647059
4 0.4186893203883495 0.8568627450980392 0.10194174757281553 0.08235294117647059
4 0.4199029126213592 0.7754901960784314 0.10194174757281553 0.08235294117647059
4 0.32038834951456313 0.7754901960784314 0.10194174757281553 0.08235294117647059
4 0.32038834951456313 0.696078431372549 0.10194174757281553 0.08235294117647059
4 0.32160194174757284 0.6147058823529412 0.10194174757281553 0.08235294117647059
4 0.3191747572815534 0.5313725490196078 0.10194174757281553 0.08235294117647059
4 0.4174757281553398 0.6127450980392157 0.10194174757281553 0.08235294117647059
4 0.5242718446601942 0.5323529411764706 0.10194174757281553 0.08235294117647059
4 0.6213592233009708 0.611764705882353 0.10194174757281553 0.08235294117647059
4 0.6225728155339806 0.5313725490196078 0.10194174757281553 0.08235294117647059
4 0.6201456310679612 0.4519607843137255 0.10194174757281553 0.08235294117647059
4 0.7220873786407767 0.4519607843137255 0.10194174757281553 0.08235294117647059
4 0.7245145631067961 0.37058823529411766 0.10194174757281553 0.08235294117647059
4 0.5206310679611651 0.37254901960784315 0.10194174757281553 0.08235294117647059
4 0.5218446601941747 0.29215686274509806 0.10194174757281553 0.08235294117647059
4 0.4211165048543689 0.37254901960784315 0.10194174757281553 0.08235294117647059
4 0.4223300970873786 0.45098039215686275 0.10194174757281553 0.08235294117647059
4 0.2196601941747573 0.8549019607843137 0.10194174757281553 0.08235294117647059
4 0.2196601941747573 0.7754901960784314 0.10194174757281553 0.08235294117647059
4 0.2196601941747573 0.6950980392156862 0.10194174757281553 0.08235294117647059
4 0.12378640776699029 0.7705882352941177 0.10194174757281553 0.08235294117647059
4 0.11650485436893204 0.6931372549019608 0.10194174757281553 0.08235294117647059
4 0.11893203883495146 0.611764705882353 0.10194174757281553 0.08235294117647059
4 0.03640776699029126 0.692156862745098 0.07281553398058252 0.08235294117647059
4 0.12135922330097088 0.4519607843137255 0.10194174757281553 0.08235294117647059
4 0.22572815533980584 0.37058823529411766 0.10194174757281553 0.08235294117647059
4 0.03640776699029126 0.37058823529411766 0.07281553398058252 0.08235294117647059
4 0.03398058252427184 0.28823529411764703 0.06796116504854369 0.08235294117647059
3 0.9308252427184466 0.13823529411764707 0.09951456310679611 0.08431372549019608
3 0.8240291262135923 0.13823529411764707 0.09951456310679611 0.08431372549019608
3 0.7148058252427184 0.13823529411764707 0.09951456310679611 0.08431372549019608
3 0.6116504854368932 0.13823529411764707 0.0970873786407767 0.08431372549019608
3 0.5109223300970874 0.13823529411764707 0.09951456310679611 0.08431372549019608
3 0.42597087378640774 0.13823529411764707 0.09951456310679611 0.08431372549019608
3 0.3191747572815534 0.13823529411764707 0.09951456310679611 0.08431372549019608
3 0.20509708737864077 0.13823529411764707 0.09951456310679611 0.08431372549019608
3 0.10800970873786407 0.13823529411764707 0.09951456310679611 0.08431372549019608
3 0.032766990291262135 0.13823529411764707 0.06553398058252427 0.08431372549019608