3 0.7220873786407767 0.46568627450980393 0.09951456310679611 0.08235294117647059
3 0.5218446601941747 0.14215686274509803 0.10194174757281553 0.0784313725490196
3 0.6201456310679612 0.7088235294117647 0.09951456310679611 0.08235294117647059
3 0.22572815533980584 0.546078431372549 0.09951456310679611 0.08235294117647059
3 0.720873786407767 0.22450980392156863 0.10194174757281553 0.0784313725490196
3 0.7233009708737864 0.7911764705882353 0.09951456310679611 0.08235294117647059
3 0.4186893203883495 0.30392156862745096 0.10436893203883495 0.07647058823529412
3 0.4199029126213592 0.46862745098039216 0.0970873786407767 0.0784313725490196
3 0.03398058252427184 0.22450980392156863 0.06796116504854369 0.07647058823529412
3 0.21844660194174756 0.7901960784313725 0.09223300970873786 0.08235294117647059
4 0.720873786407767 0.30490196078431375 0.10194174757281553 0.08235294117647059
4 0.6213592233009708 0.14215686274509803 0.10194174757281553 0.08235294117647059
4 0.6225728155339806 0.2235294117647059 0.10194174757281553 0.08235294117647059
4 0.6213592233009708 0.3058823529411765 0.10194174757281553 0.08235294117647059
4 0.5194174757281553 0.22549019607843138 0.10194174757281553 0.08235294117647059
4 0.5230582524271845 0.30686274509803924 0.10194174757281553 0.08235294117647059
4 0.4186893203883495 0.14313725490196078 0.10194174757281553 0.08235294117647059
4 0.4199029126213592 0.22450980392156863 0.10194174757281553 0.08235294117647059
4 0.32038834951456313 0.22450980392156863 0.10194174757281553 0.08235294117647059
4 0.32038834951456313 0.30392156862745096 0.10194174757281553 0.08235294117647059
4 0.32160194174757284 0.38529411764705884 0.10194174757281553 0.08235294117647059
4 0.3191747572815534 0.46862745098039216 0.10194174757281553 0.08235294117647059
4 0.4174757281553398 0.3872549019607843 0.10194174757281553 0.08235294117647059
4 0.5242718446601942 0.4676470588235294 0.10194174757281553 0.08235294117647059
4 0.6213592233009708 0.38823529411764707 0.10194174757281553 0.08235294117647059
4 0.6225728155339806 0.46862745098039216 0.10194174757281553 0.08235294117647059
4 0.6201456310679612 0.5480392156862746 0.10194174757281553 0.08235294117647059
4 0.7220873786407767 0.5480392156862746 0.10194174757281553 0.08235294117647059
4 0.7245145631067961 0.6294117647058823 0.10194174757281553 0.08235294117647059
4 0.5206310679611651 0.6274509803921569 0.10194174757281553 0.08235294117647059
4 0.5218446601941747 0.707843137254902 0.10194174757281553 0.08235294117647059
4 0.4211165048543689 0.6274509803921569 0.10194174757281553 0.08235294117647059
4 0.4223300970873786 0.5490196078431373 0.10194174757281553 0.08235294117647059
4 0.2196601941747573 0.1450980392156863 0.10194174757281553 0.08235294117647059
4 0.2196601941747573 0.22450980392156863 0.10194174757281553 0.08235294117647059
4 0.2196601941747573 0.30490196078431375 0.10194174757281553 0.08235294117647059
4 0.12378640776699029 0.22941176470588234 0.10194174757281553 0.08235294117647059
4 0.11650485436893204 0.30686274509803924 0.10194174757281553 0.08235294117647059
4 0.11893203883495146 0.38823529411764707 0.10194174757281553 0.08235294117647059
4 0.03640776699029126 0.3058823529411765 0.07281553398058252 0.08235294117647059
4 0.12135922330097088 0.5480392156862746 0.10194174757281553 0.08235294117647059
4 0.22572815533980584 0.6294117647058823 0.10194174757281553 0.08235294117647059
4 0.03640776699029126 0.6274509803921569 0.07281553398058252 0.08235294117647059
4 0.03398058252427184 0.7098039215686275 0.06796116504854369 0.08235294117647059
3 0.9320388349514563 0.8627450980392157 0.09951456310679611 0.08235294117647059
3 0.8264563106796117 0.8627450980392157 0.09951456310679611 0.08235294117647059
3 0.7160194174757282 0.8627450980392157 0.09951456310679611 0.08235294117647059
3 0.6128640776699029 0.8627450980392157 0.09951456310679611 0.08235294117647059
3 0.5133495145631068 0.8627450980392157 0.09951456310679611 0.08235294117647059
3 0.42839805825242716 0.8627450980392157 0.09951456310679611 0.08235294117647059
3 0.32160194174757284 0.8627450980392157 0.09951456310679611 0.08235294117647059
3 0.20509708737864077 0.8627450980392157 0.09951456310679611 0.08235294117647059
3 0.10800970873786407 0.8627450980392157 0.09951456310679611 0.08235294117647059
3 0.032766990291262135 0.8627450980392157 0.06553398058252427 0.08235294117647059