1 0.49151234567901236 0.1999330357142857 0.5344907407407408 0.08901785714285715
4 0.48842592592592593 0.34104910714285713 0.48229938271604933 0.22149553571428574
1 0.4908641975308642 0.9098214285714287 0.40601851851851856 0.08901785714285715
1 0.7741358024691358 0.8377901785714286 0.2185648148148148 0.08901785714285715
1 0.9172530864197531 0.5956026785714286 0.10976851851851852 0.48658482142857146
1 0.7743518518518518 0.2529241071428571 0.08223765432098765 0.13694196428571428
1 0.832391975308642 0.34986607142857146 0.08030864197530864 0.13794642857142855
1 0.17496913580246912 0.2797767857142857 0.15828703703703703 0.0947544642857143
1 0.08140432098765432 0.58 0.0803858024691358 0.5702678571428571
1 0.20856481481481481 0.8332142857142857 0.21612654320987656 0.08966517857142857
4 0.4906018518518519 0.7972991071428571 0.35195987654320987 0.22910714285714287
4 0.2668981481481481 0.5678571428571428 0.2936111111111111 0.49488839285714287
4 0.09777777777777778 0.5727455357142857 0.07933641975308642 0.32841517857142855
4 0.6785493827160494 0.56625 0.23484567901234568 0.5070982142857143
4 0.816358024691358 0.6078125 0.07992283950617284 0.40151785714285715
4 0.8878395061728396 0.6156026785714286 0.0742746913580247 0.2290625
3 0.07827160493827161 0.7897767857142857 0.06473765432098766 0.09845982142857143
3 0.07702160493827159 0.9565178571428571 0.06183641975308642 0.08203125
3 0.02140432098765432 0.9567633928571428 0.042561728395061726 0.08203125
3 0.021249999999999998 0.8744419642857143 0.04251543209876543 0.08203125
3 0.021249999999999998 0.7012053571428571 0.04251543209876543 0.08203125
3 0.021419753086419753 0.7883482142857143 0.042561728395061726 0.08203125
3 0.021280864197530863 0.6091071428571428 0.042561728395061726 0.08203125
3 0.021249999999999998 0.5219642857142858 0.04251543209876543 0.08203125
3 0.021373456790123455 0.4257589285714286 0.04251543209876543 0.08203125
3 0.021280864197530863 0.3335044642857143 0.042561728395061726 0.08203125
3 0.021249999999999998 0.24636160714285715 0.04251543209876543 0.08203125
3 0.021249999999999998 0.19926339285714284 0.04251543209876543 0.08203125
3 0.021249999999999998 0.1419419642857143 0.04251543209876543 0.08203125
3 0.021249999999999998 0.058683035714285715 0.04251543209876543 0.08203125
3 0.07640432098765432 0.14412946428571427 0.06473765432098766 0.09845982142857143
3 0.1395679012345679 0.058124999999999996 0.06473765432098766 0.09845982142857143