3 0.5159883720930233 0.812992125984252 0.2005813953488372 0.3031496062992126
3 0.5116279069767442 0.49606299212598426 0.19767441860465115 0.31496062992125984
0 0.5726744186046512 0.11023622047244094 0.19767441860465115 0.2204724409448819
0 0.6831395348837209 0.8877952755905512 0.18023255813953487 0.22440944881889763
4 0.33430232558139533 0.905511811023622 0.11046511627906977 0.15748031496062992
4 0.33430232558139533 0.7460629921259843 0.11046511627906977 0.15748031496062992
4 0.33430232558139533 0.4153543307086614 0.11046511627906977 0.15748031496062992
4 0.3328488372093023 0.09645669291338582 0.11046511627906977 0.15748031496062992
3 0.2136627906976744 0.8976377952755905 0.11337209302325581 0.1732283464566929
3 0.21656976744186046 0.7362204724409449 0.11337209302325581 0.1732283464566929
3 0.2180232558139535 0.5846456692913385 0.11337209302325581 0.1732283464566929
3 0.2194767441860465 0.42322834645669294 0.11337209302325581 0.1732283464566929
3 0.21511627906976744 0.2618110236220472 0.11337209302325581 0.1732283464566929
3 0.21511627906976744 0.09251968503937008 0.11337209302325581 0.1732283464566929