0 0.8073770491803278 0.888235294117647 0.11311475409836065 0.12941176470588237
3 0.23688524590163934 0.6784313725490196 0.06721311475409836 0.0784313725490196
3 0.03360655737704918 0.5176470588235295 0.06721311475409836 0.0784313725490196
3 0.3 0.3588235294117647 0.06721311475409836 0.0784313725490196
3 0.3721311475409836 0.4411764705882353 0.06721311475409836 0.0784313725490196
3 0.5032786885245901 0.2 0.06721311475409836 0.0784313725490196
3 0.23524590163934425 0.2774509803921569 0.06721311475409836 0.0784313725490196
4 0.5049180327868853 0.5970588235294118 0.06885245901639345 0.0803921568627451
4 0.5049180327868853 0.515686274509804 0.06885245901639345 0.0803921568627451
4 0.43688524590163935 0.515686274509804 0.06885245901639345 0.0803921568627451
4 0.36885245901639346 0.5176470588235295 0.06885245901639345 0.0803921568627451
4 0.369672131147541 0.596078431372549 0.06885245901639345 0.0803921568627451
4 0.3008196721311475 0.5970588235294118 0.06885245901639345 0.0803921568627451
4 0.3008196721311475 0.5186274509803922 0.06885245901639345 0.0803921568627451
4 0.23278688524590163 0.5166666666666667 0.06885245901639345 0.0803921568627451
4 0.16393442622950818 0.5166666666666667 0.06885245901639345 0.0803921568627451
4 0.23442622950819672 0.43823529411764706 0.06885245901639345 0.0803921568627451
4 0.43688524590163935 0.4372549019607843 0.06885245901639345 0.0803921568627451
4 0.43688524590163935 0.35490196078431374 0.06885245901639345 0.0803921568627451
4 0.4377049180327869 0.27450980392156865 0.06885245901639345 0.0803921568627451
4 0.37131147540983606 0.27450980392156865 0.06885245901639345 0.0803921568627451
4 0.3016393442622951 0.27450980392156865 0.06885245901639345 0.0803921568627451
4 0.369672131147541 0.19607843137254902 0.06885245901639345 0.0803921568627451
4 0.23688524590163934 0.11470588235294117 0.06885245901639345 0.0803921568627451
4 0.16885245901639345 0.19509803921568628 0.06885245901639345 0.0803921568627451
4 0.10081967213114754 0.19411764705882353 0.06885245901639345 0.0803921568627451
4 0.16721311475409836 0.27450980392156865 0.06885245901639345 0.0803921568627451
4 0.2336065573770492 0.35784313725490197 0.06885245901639345 0.0803921568627451
4 0.16721311475409836 0.35490196078431374 0.06885245901639345 0.0803921568627451
4 0.09918032786885246 0.3568627450980392 0.06885245901639345 0.0803921568627451
4 0.03360655737704918 0.2735294117647059 0.06721311475409836 0.0803921568627451
4 0.1 0.4343137254901961 0.06885245901639345 0.0803921568627451
4 0.03360655737704918 0.4362745098039216 0.06721311475409836 0.0803921568627451
4 0.1 0.5970588235294118 0.06885245901639345 0.0803921568627451
4 0.03360655737704918 0.5970588235294118 0.06721311475409836 0.0803921568627451
4 0.16885245901639345 0.6794117647058824 0.06885245901639345 0.0803921568627451
4 0.09918032786885246 0.6794117647058824 0.06885245901639345 0.0803921568627451
3 0.769672131147541 0.23921568627450981 0.460655737704918 0.4745098039215686