3 0.4569902912621359 0.3206470588235294 0.10155339805825243 0.07976470588235295
3 0.05716019417475728 0.48280392156862745 0.09781553398058251 0.0832156862745098
3 0.7586165048543689 0.40252941176470586 0.10155339805825243 0.07976470588235295
3 0.556747572815534 0.7215294117647059 0.10155339805825243 0.07976470588235295
3 0.15927184466019417 0.3213333333333333 0.09737864077669903 0.08299999999999999
3 0.8603155339805825 0.31933333333333336 0.10254854368932038 0.08033333333333333
3 0.25776699029126215 0.5652745098039216 0.0958009708737864 0.08407843137254903
3 0.46055825242718446 0.5642352941176471 0.09742718446601942 0.07839215686274509
3 0.16075242718446603 0.8872745098039215 0.0958252427184466 0.07723529411764705
3 0.8592233009708737 0.7276078431372549 0.10262135922330097 0.07513725490196078
3 0.8577427184466019 0.9630588235294119 0.09740291262135924 0.07386274509803922
4 0.2588834951456311 0.32160784313725493 0.10225728155339807 0.08170588235294118
4 0.0570873786407767 0.4021764705882353 0.10225728155339807 0.08170588235294118
4 0.15803398058252427 0.4006078431372549 0.10225728155339807 0.08170588235294118
4 0.25936893203883493 0.4023529411764706 0.10225728155339807 0.08170588235294118
4 0.16031553398058251 0.48433333333333334 0.10225728155339807 0.08170588235294118
4 0.2608495145631068 0.4812156862745098 0.10225728155339807 0.08170588235294118
4 0.05788834951456311 0.5652941176470588 0.10225728155339807 0.08170588235294118
4 0.15939320388349515 0.5651960784313725 0.10225728155339807 0.08170588235294118
4 0.1591019417475728 0.6450196078431372 0.10225728155339807 0.08170588235294118
4 0.2576456310679612 0.6451960784313726 0.10225728155339807 0.08170588235294118
4 0.35822815533980584 0.644235294117647 0.10225728155339807 0.08170588235294118
4 0.4609708737864077 0.6456274509803921 0.10225728155339807 0.08170588235294118
4 0.3603640776699029 0.5665098039215687 0.10225728155339807 0.08170588235294118
4 0.45944174757281553 0.48070588235294115 0.10225728155339807 0.08170588235294118
4 0.36220873786407765 0.40156862745098043 0.10225728155339807 0.08170588235294118
4 0.4607038834951456 0.40107843137254906 0.10225728155339807 0.08170588235294118
4 0.5591747572815534 0.4027843137254902 0.10225728155339807 0.08170588235294118
4 0.5593203883495146 0.32098039215686275 0.10225728155339807 0.08170588235294118
4 0.6605825242718447 0.3183725490196079 0.10225728155339807 0.08170588235294118
4 0.6581067961165048 0.48294117647058826 0.10225728155339807 0.08170588235294118
4 0.7566747572815534 0.48254901960784313 0.10225728155339807 0.08170588235294118
4 0.6582038834951457 0.5638039215686275 0.10225728155339807 0.08170588235294118
4 0.5607766990291262 0.5632156862745098 0.10225728155339807 0.08170588235294118
4 0.06048543689320389 0.7263333333333334 0.10225728155339807 0.08170588235294118
4 0.15944174757281554 0.7266274509803922 0.10225728155339807 0.08170588235294118
4 0.258373786407767 0.7268823529411764 0.10225728155339807 0.08170588235294118
4 0.1653640776699029 0.8042156862745098 0.10225728155339807 0.08170588235294118
4 0.2606553398058252 0.8094313725490196 0.10225728155339807 0.08170588235294118
4 0.3612135922330097 0.8077843137254902 0.10225728155339807 0.08170588235294118
4 0.2613592233009709 0.8860784313725489 0.10225728155339807 0.08170588235294118
4 0.5597330097087378 0.8056470588235294 0.10225728155339807 0.08170588235294118
4 0.6597815533980582 0.7213529411764705 0.10225728155339807 0.08170588235294118
4 0.6585436893203883 0.8864901960784314 0.10225728155339807 0.08170588235294118
4 0.7611893203883495 0.8891960784313726 0.10225728155339807 0.08170588235294118
3 0.9487378640776699 0.06743137254901961 0.10254854368932038 0.08033333333333333
3 0.9487378640776699 0.15062745098039215 0.10254854368932038 0.08033333333333333
3 0.9487378640776699 0.23658823529411763 0.10254854368932038 0.08033333333333333
3 0.9487378640776699 0.3251764705882353 0.10254854368932038 0.08033333333333333
3 0.9487378640776699 0.4088039215686275 0.10254854368932038 0.08033333333333333
3 0.9487378640776699 0.4896274509803922 0.10254854368932038 0.08033333333333333
3 0.9487378640776699 0.5582549019607843 0.10254854368932038 0.08033333333333333
3 0.9487378640776699 0.6441764705882352 0.10254854368932038 0.08033333333333333
3 0.9487378640776699 0.7378823529411764 0.10254854368932038 0.08033333333333333
3 0.9487378640776699 0.8165882352941176 0.10254854368932038 0.08033333333333333
3 0.9487378640776699 0.8897647058823529 0.10254854368932038 0.08033333333333333
3 0.9487378640776699 0.9598235294117647 0.10254854368932038 0.08033333333333333