0 0.474609375 0.4473684210526316 0.06591796875 0.13060428849902533
2 0.41455078125 0.12378167641325535 0.0224609375 0.04775828460038986
3 0.203125 0.15594541910331383 0.0419921875 0.07602339181286549
3 0.251953125 0.15497076023391812 0.04443359375 0.07504873294346978
3 0.67822265625 0.10428849902534112 0.0419921875 0.07212475633528265
3 0.68896484375 0.5760233918128655 0.02490234375 0.04873294346978557
3 0.7646484375 0.6764132553606238 0.0244140625 0.049707602339181284
3 0.6630859375 0.7758284600389863 0.02587890625 0.049707602339181284
3 0.865234375 0.5769980506822612 0.02294921875 0.04775828460038986
3 0.638671875 0.7251461988304093 0.0234375 0.049707602339181284
3 0.78955078125 0.5760233918128655 0.02685546875 0.04873294346978557
3 0.939453125 0.6257309941520468 0.0234375 0.05263157894736842
3 0.89013671875 0.8245614035087719 0.02392578125 0.050682261208576995
3 0.78955078125 0.9249512670565302 0.0244140625 0.04678362573099415
3 0.689453125 0.8245614035087719 0.025390625 0.04678362573099415
3 0.81494140625 0.7261208576998051 0.02392578125 0.04873294346978557
3 0.865234375 0.7251461988304093 0.02294921875 0.049707602339181284
3 0.96484375 0.5760233918128655 0.02587890625 0.04580896686159844
3 0.96630859375 0.8265107212475633 0.0244140625 0.04678362573099415
3 0.9658203125 0.9775828460038987 0.02490234375 0.04483430799220273
0 0.31298828125 0.17641325536062377 0.04296875 0.08869395711500974
0 0.1875 0.22612085769980506 0.0400390625 0.08284600389863547
0 0.63916015625 0.07309941520467836 0.03515625 0.06725146198830409
4 0.38818359375 0.12573099415204678 0.02490234375 0.04775828460038986
4 0.3876953125 0.22514619883040934 0.02490234375 0.04775828460038986
4 0.41357421875 0.22514619883040934 0.02490234375 0.04775828460038986
4 0.43896484375 0.17641325536062377 0.02490234375 0.04775828460038986
4 0.46337890625 0.22612085769980506 0.02490234375 0.04775828460038986
4 0.43896484375 0.27582846003898637 0.02490234375 0.04775828460038986
4 0.4140625 0.07504873294346978 0.02490234375 0.04775828460038986
4 0.4638671875 0.07504873294346978 0.02490234375 0.04775828460038986
4 0.5390625 0.17543859649122806 0.02490234375 0.04775828460038986
4 0.56396484375 0.12573099415204678 0.02490234375 0.04775828460038986
4 0.1630859375 0.17543859649122806 0.02490234375 0.049707602339181284
4 0.16259765625 0.07504873294346978 0.02490234375 0.049707602339181284
4 0.1875 0.07504873294346978 0.02490234375 0.049707602339181284
4 0.212890625 0.07504873294346978 0.02490234375 0.049707602339181284
4 0.26318359375 0.0769980506822612 0.02490234375 0.049707602339181284
4 0.3134765625 0.07602339181286549 0.02490234375 0.049707602339181284
4 0.58935546875 0.6267056530214425 0.02490234375 0.04873294346978557
4 0.58935546875 0.6773879142300195 0.02490234375 0.04873294346978557
4 0.61474609375 0.6773879142300195 0.02490234375 0.04873294346978557
4 0.63916015625 0.6267056530214425 0.02490234375 0.04873294346978557
4 0.66455078125 0.6267056530214425 0.02490234375 0.04873294346978557
4 0.6396484375 0.6754385964912281 0.02490234375 0.04873294346978557
4 0.66455078125 0.6754385964912281 0.02490234375 0.04873294346978557
4 0.689453125 0.6754385964912281 0.02490234375 0.04873294346978557
4 0.71484375 0.6754385964912281 0.02490234375 0.04873294346978557
4 0.6142578125 0.7251461988304093 0.02490234375 0.04873294346978557
4 0.61474609375 0.7758284600389863 0.02490234375 0.04873294346978557
4 0.6142578125 0.8265107212475633 0.02490234375 0.04873294346978557
4 0.63916015625 0.8265107212475633 0.02490234375 0.04873294346978557
4 0.66357421875 0.8265107212475633 0.02490234375 0.04873294346978557
4 0.6396484375 0.8762183235867447 0.02490234375 0.04873294346978557
4 0.68896484375 0.9259259259259259 0.02490234375 0.04873294346978557
4 0.71435546875 0.8762183235867447 0.02490234375 0.04873294346978557
4 0.7392578125 0.8762183235867447 0.02490234375 0.04873294346978557
4 0.71435546875 0.8245614035087719 0.02490234375 0.04873294346978557
4 0.68994140625 0.776803118908382 0.02490234375 0.04873294346978557
4 0.68994140625 0.7261208576998051 0.02490234375 0.04873294346978557
4 0.71484375 0.7758284600389863 0.02490234375 0.04873294346978557
4 0.7392578125 0.7758284600389863 0.02490234375 0.04873294346978557
4 0.73876953125 0.7261208576998051 0.02490234375 0.04873294346978557
4 0.7646484375 0.7261208576998051 0.02490234375 0.04873294346978557
4 0.78955078125 0.7251461988304093 0.02490234375 0.04873294346978557
4 0.7890625 0.7748538011695907 0.02490234375 0.04873294346978557
4 0.76513671875 0.8255360623781677 0.02490234375 0.04873294346978557
4 0.78955078125 0.8255360623781677 0.02490234375 0.04873294346978557
4 0.81494140625 0.7758284600389863 0.02490234375 0.04873294346978557
4 0.83935546875 0.7758284600389863 0.02490234375 0.04873294346978557
4 0.8154296875 0.8245614035087719 0.02490234375 0.04873294346978557
4 0.7900390625 0.8762183235867447 0.02490234375 0.04873294346978557
4 0.81494140625 0.8771929824561403 0.02490234375 0.04873294346978557
4 0.83984375 0.8771929824561403 0.02490234375 0.04873294346978557
4 0.81494140625 0.9249512670565302 0.02490234375 0.04873294346978557
4 0.71484375 0.5760233918128655 0.02490234375 0.04873294346978557
4 0.73974609375 0.5760233918128655 0.02490234375 0.04873294346978557
4 0.73974609375 0.6257309941520468 0.02490234375 0.04873294346978557
4 0.76513671875 0.6257309941520468 0.02490234375 0.04873294346978557
4 0.7900390625 0.6267056530214425 0.02490234375 0.04873294346978557
4 0.7890625 0.6754385964912281 0.02490234375 0.04873294346978557
4 0.814453125 0.6764132553606238 0.02490234375 0.04873294346978557
4 0.8154296875 0.6267056530214425 0.02490234375 0.04873294346978557
4 0.81494140625 0.5769980506822612 0.02490234375 0.04873294346978557
4 0.83984375 0.7261208576998051 0.02490234375 0.04873294346978557
4 0.8642578125 0.7758284600389863 0.02490234375 0.04873294346978557
4 0.8408203125 0.6267056530214425 0.02490234375 0.04873294346978557
4 0.86572265625 0.6267056530214425 0.02490234375 0.04873294346978557
4 0.89013671875 0.6257309941520468 0.02490234375 0.04873294346978557
4 0.86572265625 0.6754385964912281 0.02490234375 0.04873294346978557
4 0.8896484375 0.7251461988304093 0.02490234375 0.04873294346978557
4 0.91552734375 0.7261208576998051 0.02490234375 0.04873294346978557
4 0.9150390625 0.6764132553606238 0.02490234375 0.04873294346978557
4 0.8896484375 0.5769980506822612 0.02490234375 0.04873294346978557
4 0.9150390625 0.5750487329434698 0.02490234375 0.04873294346978557
4 0.93994140625 0.6754385964912281 0.02490234375 0.04873294346978557
4 0.89013671875 0.8762183235867447 0.02490234375 0.04873294346978557
4 0.9150390625 0.8245614035087719 0.02490234375 0.04873294346978557
4 0.9150390625 0.9269005847953217 0.02490234375 0.04873294346978557
4 0.9404296875 0.9259259259259259 0.02490234375 0.04873294346978557
3 0.51416015625 0.1267056530214425 0.02490234375 0.04873294346978557
3 0.58935546875 0.8742690058479532 0.0234375 0.049707602339181284
3 0.037841796875 0.9761208576998051 0.02490234375 0.04775828460038986
3 0.012451171875 0.9761208576998051 0.02490234375 0.04775828460038986
3 0.03857421875 0.024366471734892786 0.02490234375 0.04873294346978557
3 0.0126953125 0.9278752436647173 0.02490234375 0.04873294346978557
3 0.0126953125 0.878167641325536 0.02490234375 0.04873294346978557
3 0.11279296875 0.024366471734892786 0.02490234375 0.04873294346978557
3 0.138671875 0.024366471734892786 0.02490234375 0.04873294346978557
3 0.0126953125 0.8294346978557505 0.02490234375 0.04873294346978557
3 0.16357421875 0.024366471734892786 0.02490234375 0.04873294346978557
3 0.0126953125 0.7807017543859649 0.02490234375 0.04873294346978557
3 0.0126953125 0.7309941520467836 0.02490234375 0.04873294346978557
3 0.0126953125 0.6812865497076024 0.02490234375 0.04873294346978557
3 0.18896484375 0.024366471734892786 0.02490234375 0.04873294346978557
3 0.21435546875 0.024366471734892786 0.02490234375 0.04873294346978557
3 0.23876953125 0.024366471734892786 0.02490234375 0.04873294346978557
3 0.0126953125 0.6325536062378168 0.02490234375 0.04873294346978557
3 0.263671875 0.024366471734892786 0.02490234375 0.04873294346978557
3 0.0126953125 0.5828460038986355 0.02490234375 0.04873294346978557
3 0.28857421875 0.024366471734892786 0.02490234375 0.04873294346978557
3 0.0126953125 0.5331384015594542 0.02490234375 0.04873294346978557
3 0.314453125 0.024366471734892786 0.02490234375 0.04873294346978557
3 0.0126953125 0.4844054580896686 0.02490234375 0.04873294346978557
3 0.0126953125 0.43567251461988304 0.02490234375 0.04873294346978557
3 0.3388671875 0.024366471734892786 0.02490234375 0.04873294346978557
3 0.36376953125 0.024366471734892786 0.02490234375 0.04873294346978557
3 0.0126953125 0.38693957115009747 0.02490234375 0.04873294346978557
3 0.388671875 0.024366471734892786 0.02490234375 0.04873294346978557
3 0.0126953125 0.33723196881091616 0.02490234375 0.04873294346978557
3 0.4140625 0.024366471734892786 0.02490234375 0.04873294346978557
3 0.0126953125 0.2884990253411306 0.02490234375 0.04873294346978557
3 0.43896484375 0.024366471734892786 0.02490234375 0.04873294346978557
3 0.0126953125 0.2387914230019493 0.02490234375 0.04873294346978557
3 0.4638671875 0.024366471734892786 0.02490234375 0.04873294346978557
3 0.01318359375 0.18128654970760233 0.02490234375 0.04873294346978557
3 0.4892578125 0.024366471734892786 0.02490234375 0.04873294346978557
3 0.01318359375 0.12962962962962962 0.02490234375 0.04873294346978557
3 0.51416015625 0.024366471734892786 0.02490234375 0.04873294346978557
3 0.01318359375 0.07504873294346978 0.02490234375 0.04873294346978557
3 0.5390625 0.024366471734892786 0.02490234375 0.04873294346978557
3 0.01318359375 0.024366471734892786 0.02490234375 0.04873294346978557
3 0.56494140625 0.024366471734892786 0.02490234375 0.04873294346978557
3 0.58984375 0.024366471734892786 0.02490234375 0.04873294346978557
3 0.61474609375 0.024366471734892786 0.02490234375 0.04873294346978557
3 0.64013671875 0.024366471734892786 0.02490234375 0.04873294346978557
3 0.66552734375 0.024366471734892786 0.02490234375 0.04873294346978557
3 0.6904296875 0.024366471734892786 0.02490234375 0.04873294346978557
3 0.81494140625 0.07407407407407407 0.02490234375 0.04873294346978557
3 0.84033203125 0.07407407407407407 0.02490234375 0.04873294346978557
3 0.81494140625 0.024366471734892786 0.02490234375 0.04873294346978557
3 0.8408203125 0.024366471734892786 0.02490234375 0.04873294346978557
3 0.86669921875 0.024366471734892786 0.02490234375 0.04873294346978557
3 0.9150390625 0.024366471734892786 0.02490234375 0.04873294346978557
3 0.9404296875 0.024366471734892786 0.02490234375 0.04873294346978557
3 0.96630859375 0.024366471734892786 0.02490234375 0.04873294346978557
3 0.94091796875 0.07309941520467836 0.02490234375 0.04873294346978557
3 0.96630859375 0.07309941520467836 0.02490234375 0.04873294346978557
3 0.987060546875 0.9761208576998051 0.02490234375 0.04775828460038986
3 0.9873046875 0.9220272904483431 0.02490234375 0.04873294346978557
3 0.9873046875 0.8723196881091618 0.02490234375 0.04873294346978557
3 0.9873046875 0.7748538011695907 0.02490234375 0.04873294346978557
3 0.9873046875 0.8235867446393762 0.02490234375 0.04873294346978557
3 0.9873046875 0.3810916179337232 0.02490234375 0.04873294346978557
3 0.9873046875 0.7251461988304093 0.02490234375 0.04873294346978557
3 0.9873046875 0.07309941520467836 0.02490234375 0.04873294346978557
3 0.9873046875 0.6764132553606238 0.02490234375 0.04873294346978557
3 0.9873046875 0.3313840155945419 0.02490234375 0.04873294346978557
3 0.9873046875 0.6276803118908382 0.02490234375 0.04873294346978557
3 0.9873046875 0.024366471734892786 0.02490234375 0.04873294346978557
3 0.9873046875 0.5282651072124757 0.02490234375 0.04873294346978557
3 0.9873046875 0.5779727095516569 0.02490234375 0.04873294346978557
3 0.9873046875 0.17641325536062377 0.02490234375 0.04873294346978557
3 0.9873046875 0.2826510721247563 0.02490234375 0.04873294346978557
3 0.9873046875 0.47953216374269003 0.02490234375 0.04873294346978557
3 0.9873046875 0.23391812865497075 0.02490234375 0.04873294346978557
3 0.9873046875 0.43079922027290446 0.02490234375 0.04873294346978557
3 0.9873046875 0.12475633528265107 0.02490234375 0.04873294346978557
3 0.037109375 0.5311890838206628 0.02490234375 0.04873294346978557
3 0.0625 0.4775828460038986 0.02490234375 0.04873294346978557
3 0.0380859375 0.8752436647173489 0.02490234375 0.04873294346978557
1 0.19970703125 0.5604288499025342 0.21533203125 0.049707602339181284
1 0.3671875 0.7894736842105263 0.041015625 0.2378167641325536
1 0.3125 0.5925925925925926 0.03125 0.05555555555555555
1 0.33642578125 0.6423001949317739 0.03125 0.05555555555555555
1 0.31787109375 0.9074074074074074 0.09521484375 0.05360623781676413
1 0.2109375 0.949317738791423 0.1865234375 0.037037037037037035
1 0.09423828125 0.9074074074074074 0.07958984375 0.049707602339181284
1 0.08056640625 0.5925925925925926 0.068359375 0.05555555555555555
1 0.04345703125 0.6461988304093568 0.03125 0.05555555555555555
4 0.11572265625 0.7290448343079922 0.02294921875 0.31773879142300193
4 0.201171875 0.878167641325536 0.05810546875 0.1189083820662768
4 0.3369140625 0.7777777777777778 0.02099609375 0.21637426900584794
4 0.3603515625 0.7787524366471735 0.01904296875 0.12280701754385964
4 0.0791015625 0.7553606237816765 0.0498046875 0.26413255360623783
4 0.04248046875 0.7553606237816765 0.02294921875 0.18128654970760233
3 0.489013671875 0.851364522417154 0.17333984375 0.297270955165692
3 0.75146484375 0.1023391812865497 0.10302734375 0.2046783625730994
0 0.763671875 0.18908382066276802 0.04931640625 0.11695906432748537
3 0.88818359375 0.23489278752436646 0.171875 0.32748538011695905
3 0.08837890625 0.19883040935672514 0.12451171875 0.29922027290448344
5 0.6142578125 0.12573099415204678 0.0234375 0.05360623781676413
4 0.14990234375 0.7524366471734892 0.04541015625 0.3664717348927875
4 0.25146484375 0.753411306042885 0.041015625 0.36744639376218324
4 0.28564453125 0.7300194931773879 0.0263671875 0.31968810916179335
4 0.201171875 0.6306042884990254 0.056640625 0.12378167641325535
4 0.3125 0.7524366471734892 0.02587890625 0.2680311890838207