0 0.5263671875 0.550682261208577 0.0654296875 0.13157894736842105
2 0.6884765625 0.6705653021442495 0.02392578125 0.04483430799220273
3 0.672607421875 0.9751461988304093 0.03759765625 0.049707602339181284
3 0.6982421875 0.1442495126705653 0.0361328125 0.08382066276803118
3 0.4619140625 0.12280701754385964 0.0244140625 0.049707602339181284
3 0.36181640625 0.17446393762183235 0.02490234375 0.05165692007797271
3 0.38720703125 0.22319688109161792 0.02490234375 0.04678362573099415
3 0.33740234375 0.12183235867446393 0.0234375 0.050682261208576995
0 0.662109375 0.8732943469785575 0.04443359375 0.08576998050682261
0 0.7138671875 0.2222222222222222 0.03369140625 0.07017543859649122
4 0.6875 0.723196881091618 0.02392578125 0.049707602339181284
4 0.6376953125 0.7241715399610137 0.02392578125 0.049707602339181284
4 0.6376953125 0.672514619883041 0.02392578125 0.049707602339181284
4 0.662109375 0.621832358674464 0.02392578125 0.049707602339181284
4 0.63720703125 0.5730994152046783 0.02392578125 0.049707602339181284
4 0.6123046875 0.621832358674464 0.02392578125 0.049707602339181284
4 0.712890625 0.6715399610136452 0.02392578125 0.049707602339181284
4 0.712890625 0.5721247563352827 0.02392578125 0.049707602339181284
4 0.66259765625 0.4220272904483431 0.02392578125 0.049707602339181284
4 0.6875 0.3723196881091618 0.02392578125 0.049707602339181284
4 0.7119140625 0.9727095516569201 0.02490234375 0.049707602339181284
4 0.71240234375 0.8723196881091618 0.02490234375 0.049707602339181284
4 0.4365234375 0.3216374269005848 0.0244140625 0.049707602339181284
4 0.4111328125 0.3216374269005848 0.0244140625 0.049707602339181284
4 0.4111328125 0.2709551656920078 0.0244140625 0.049707602339181284
4 0.4365234375 0.2222222222222222 0.0244140625 0.049707602339181284
4 0.4365234375 0.17153996101364521 0.0244140625 0.049707602339181284
4 0.412109375 0.2212475633528265 0.0244140625 0.049707602339181284
4 0.412109375 0.17153996101364521 0.0244140625 0.049707602339181284
4 0.412109375 0.12183235867446393 0.0244140625 0.049707602339181284
4 0.412109375 0.07115009746588694 0.0244140625 0.049707602339181284
4 0.38720703125 0.2719298245614035 0.0244140625 0.049707602339181284
4 0.36181640625 0.2709551656920078 0.0244140625 0.049707602339181284
4 0.33642578125 0.2719298245614035 0.0244140625 0.049707602339181284
4 0.33642578125 0.2222222222222222 0.0244140625 0.049707602339181284
4 0.33642578125 0.17348927875243664 0.0244140625 0.049707602339181284
4 0.3115234375 0.2212475633528265 0.0244140625 0.049707602339181284
4 0.28662109375 0.12280701754385964 0.0244140625 0.049707602339181284
4 0.3115234375 0.07212475633528265 0.0244140625 0.049707602339181284
4 0.3115234375 0.023391812865497075 0.0244140625 0.04678362573099415
4 0.33740234375 0.07212475633528265 0.0244140625 0.049707602339181284
4 0.361328125 0.12085769980506822 0.0244140625 0.049707602339181284
4 0.38671875 0.12085769980506822 0.0244140625 0.049707602339181284
4 0.36181640625 0.07115009746588694 0.0244140625 0.049707602339181284
4 0.36181640625 0.023391812865497075 0.0244140625 0.04678362573099415
4 0.38671875 0.02387914230019493 0.0244140625 0.04775828460038986
4 0.4619140625 0.07115009746588694 0.0244140625 0.049707602339181284
4 0.4619140625 0.02290448343079922 0.0244140625 0.04580896686159844
4 0.43701171875 0.02290448343079922 0.0244140625 0.04580896686159844
3 0.68701171875 0.47173489278752434 0.0244140625 0.049707602339181284
3 0.3125 0.3216374269005848 0.02490234375 0.04678362573099415
3 0.73828125 0.9717348927875243 0.0244140625 0.049707602339181284
3 0.73828125 0.9220272904483431 0.0244140625 0.049707602339181284
3 0.73828125 0.8703703703703703 0.0244140625 0.049707602339181284
3 0.73828125 0.8216374269005848 0.0244140625 0.049707602339181284
3 0.73828125 0.7719298245614035 0.0244140625 0.049707602339181284
3 0.73828125 0.7222222222222222 0.0244140625 0.049707602339181284
3 0.73828125 0.6715399610136452 0.0244140625 0.049707602339181284
3 0.73828125 0.621832358674464 0.0244140625 0.049707602339181284
3 0.73828125 0.5721247563352827 0.0244140625 0.049707602339181284
3 0.73828125 0.5214424951267057 0.0244140625 0.049707602339181284
3 0.73828125 0.47173489278752434 0.0244140625 0.049707602339181284
3 0.73828125 0.4220272904483431 0.0244140625 0.049707602339181284
3 0.73828125 0.37037037037037035 0.0244140625 0.049707602339181284
3 0.73828125 0.3206627680311891 0.0244140625 0.049707602339181284
3 0.73828125 0.2709551656920078 0.0244140625 0.049707602339181284
3 0.73828125 0.2202729044834308 0.0244140625 0.049707602339181284
3 0.73828125 0.1695906432748538 0.0244140625 0.049707602339181284
3 0.73828125 0.11988304093567251 0.0244140625 0.049707602339181284
1 0.469482421875 0.9420077972709552 0.02490234375 0.11598440545808966
1 0.35498046875 0.7651072124756335 0.119140625 0.08187134502923976
1 0.45361328125 0.8742690058479532 0.02783203125 0.06237816764132553
1 0.4287109375 0.8265107212475633 0.02783203125 0.06237816764132553
1 0.2958984375 0.8635477582846004 0.02685546875 0.19005847953216373
1 0.27490234375 0.9454191033138402 0.0185546875 0.10916179337231968
4 0.36083984375 0.8255360623781677 0.1083984375 0.04191033138401559
4 0.3603515625 0.7787524366471735 0.0615234375 0.038011695906432746
3 0.323974609375 0.5219298245614035 0.14892578125 0.3460038986354776
3 0.69921875 0.05019493177387914 0.1025390625 0.10038986354775828
0 0.65576171875 0.011208576998050682 0.05859375 0.022417153996101363
5 0.6875 0.2719298245614035 0.02685546875 0.04678362573099415
4 0.372802734375 0.9775828460038987 0.18408203125 0.04483430799220273
4 0.384765625 0.9278752436647173 0.16015625 0.05263157894736842
4 0.37353515625 0.8742690058479532 0.13427734375 0.05165692007797271