3 0.9145 0.7295 0.17099999999999999 0.21131250000000001
3 0.32418749999999996 0.32556250000000003 0.195625 0.1983125
3 0.7262500000000001 0.3236875 0.1955 0.194625
4 0.112625 0.3251875 0.22525 0.19637500000000002
4 0.22225 0.12275 0.4020625 0.209625
4 0.727 0.12337499999999998 0.1993125 0.2014375
4 0.502375 0.010624999999999999 0.9953125 0.021249999999999998
4 0.9144375 0.325 0.1710625 0.194875
4 0.5266875 0.3255 0.1998125 0.20056250000000003
4 0.42400000000000004 0.5286875 0.8080624999999999 0.19175
4 0.21225 0.7273125 0.4245 0.1986875
4 0.3179375 0.9156875 0.6011875 0.168625
4 0.9133125 0.9186249999999999 0.173375 0.16275