1 0.311125 0.06118749999999999 0.2684375 0.12237499999999998
1 0.40112500000000006 0.2095625 0.0995 0.173875
1 0.5410625 0.24825 0.181125 0.086125
1 0.588125 0.589375 0.09375 0.5985625
1 0.44787499999999997 0.835375 0.20475 0.10943750000000001
1 0.3923125 0.9445625 0.09125 0.11087499999999999
4 0.10700000000000001 0.5 0.21393749999999997 1
4 0.2939375 0.5383125 0.163375 0.9233750000000001
4 0.467875 0.537875 0.1928125 0.5191874999999999
4 0.49831250000000005 0.9139375 0.2089375 0.1721875
3 0.8856249999999999 0.6220625 0.22875 0.755875