4 0.2958125 0.21937500000000001 0.21193749999999997 0.4056875
4 0.9180624999999999 0.5383125 0.1639375 0.9233750000000001
4 0.632625 0.6444375 0.40437500000000004 0.7110624999999999
4 0.33125 0.7434999999999999 0.18843749999999998 0.513
1 0.8585 0.058625000000000003 0.28300000000000003 0.1173125
1 0.7763125 0.22531249999999997 0.11868749999999999 0.2171875
1 0.5355000000000001 0.2646875 0.3705 0.1355
1 0.388625 0.428125 0.0791875 0.1958125
1 0.27137500000000003 0.4653125 0.1559375 0.124
1 0.24175 0.762375 0.094375 0.47525000000000006
3 0.0955 0.5 0.1910625 1