3 0.11481250000000001 0.32925 0.1989375 0.20325000000000001
3 0.3145 0.529875 0.19975 0.1965625
3 0.514125 0.7293125 0.2004375 0.20387499999999997
4 0.217375 0.010624999999999999 0.4016875 0.021249999999999998
4 0.40981249999999997 0.126 0.8195625 0.20006249999999998
4 0.5155624999999999 0.4266875 0.19618750000000001 0.402875
4 0.8071875000000001 0.528375 0.385625 0.1935
4 0.9098124999999999 0.3264375 0.1804375 0.2024375
4 0.007062499999999999 0.5280625 0.014124999999999999 0.5938125000000001
4 0.2160625 0.73175 0.399125 0.1993125
4 0.7178125 0.7292500000000001 0.2069375 0.20375000000000001
4 0.11456249999999998 0.915125 0.2008125 0.1698125
4 0.8084374999999999 0.9159375000000001 0.3830625 0.1681875
4 0.908 0.010624999999999999 0.1839375 0.021249999999999998