4 0.5215 0.12450000000000001 0.2033125 0.1994375
4 0.9109375 0.1241875 0.17806249999999998 0.20600000000000002
4 0.4246875 0.3246875 0.806875 0.1965625
4 0.11325 0.1274375 0.2265 0.1911875
4 0.2091875 0.5283125 0.418375 0.191
4 0.3196875 0.7240624999999999 0.60875 0.2051875
3 0.3233125 0.12725 0.20325000000000001 0.1955625
3 0.7185625 0.1243125 0.19424999999999998 0.199125
3 0.9139375 0.5305625 0.1721875 0.207375
3 0.1191875 0.9156875 0.19125 0.168625
4 0.3195625 0.9156875 0.2051875 0.168625
4 0.7225625 0.9145 0.20218750000000002 0.17099999999999999
4 0.9133125 0.7313125 0.173375 0.196125