3 0.9109375 0.123875 0.17806249999999998 0.2004375
3 0.12262500000000001 0.1234375 0.20049999999999998 0.20206249999999998
3 0.7255 0.323375 0.1986875 0.205625
4 0.212875 0.3215 0.4256875 0.1949375
4 0.4265625 0.12056249999999999 0.40499999999999997 0.198625
4 0.6269375 0.5263125 0.40481249999999996 0.2035625
4 0.4220625 0.7264999999999999 0.40356249999999994 0.20299999999999999
4 0.010624999999999999 0.8130625 0.021249999999999998 0.3738125
4 0.123125 0.5224375 0.20618750000000002 0.20049999999999998
4 0.1114375 0.915125 0.222875 0.1698125
3 0.12175 0.7260625 0.1986875 0.2045