4 0.296625 0.42381250000000004 0.20168750000000002 0.406625
4 0.915125 0.6409374999999999 0.1698125 0.7181875
4 0.63025 0.7364375 0.400875 0.5270625
4 0.32925 0.8396250000000001 0.1975 0.3206875
3 0.29674999999999996 0.11837500000000001 0.20837500000000003 0.20431249999999998
3 0.0980625 0.5 0.19618750000000001 1
1 0.8775000000000001 0.2419375 0.24500000000000002 0.1064375
1 0.7918125 0.40824999999999995 0.07575 0.2290625
1 0.53975 0.45843749999999994 0.41993749999999996 0.124
1 0.3814375 0.6193125 0.107625 0.20368750000000002
1 0.261 0.6588125 0.1318125 0.11299999999999999
1 0.2483125 0.8563124999999999 0.1085625 0.2874375