3 0.1026875 0.211 0.205375 0.3395625
3 0.3035625 0.21000000000000002 0.1975625 0.34025
3 0.505 0.20925 0.206875 0.3386875
3 0.7051875 0.209125 0.195 0.34118750000000003
3 0.3085 0.704125 0.2140625 0.22475
3 0.7079375 0.7015 0.1818125 0.22475
3 0.514125 0.7031875000000001 0.20375000000000001 0.22549999999999998
3 0.1034375 0.7025625 0.198125 0.226875
3 0.7081875 0.906875 0.1818125 0.18625
3 0.10175000000000001 0.907 0.198125 0.1853125
3 0.5153749999999999 0.9066875 0.20375000000000001 0.18656250000000002
3 0.31037499999999996 0.9066875 0.2140625 0.186