1 0.1270625 0.050124999999999996 0.254125 0.10024999999999999
1 0.21381250000000002 0.2051875 0.09031249999999999 0.205125
1 0.371 0.2585 0.22312500000000002 0.10193749999999999
1 0.425125 0.4243125 0.114375 0.2189375
1 0.575875 0.47162499999999996 0.18975 0.12250000000000001
1 0.6115 0.626875 0.11687499999999999 0.19243749999999998
1 0.7575624999999999 0.66225 0.1685 0.114625
1 0.8010624999999999 0.8578749999999999 0.0880625 0.2841875
4 0.097375 0.5395 0.19475 0.921
4 0.29312499999999997 0.6385625 0.19243749999999998 0.7228749999999999
4 0.484875 0.739375 0.18912500000000002 0.52125
4 0.6793750000000001 0.8384375000000001 0.20074999999999998 0.323125