3 0.5238125 0.11574999999999999 0.20800000000000002 0.20325000000000001
4 0.8130625 0.11356250000000001 0.3738125 0.2011875
4 0.41218750000000004 0.318875 0.8243750000000001 0.199
4 0.12181249999999999 0.11850000000000001 0.2093125 0.20631249999999998
4 0.5234375 0.5229375 0.20950000000000002 0.20625
4 0.9133749999999999 0.52125 0.17325 0.20525000000000002
4 0.1144375 0.52325 0.228875 0.20074999999999998
4 0.8121875 0.72725 0.375 0.1974375
4 0.3125 0.912625 0.625 0.1721875
4 0.3250625 0.727125 0.1996875 0.20187499999999997
3 0.12437499999999999 0.7280625 0.1993125 0.201375
3 0.5223125 0.7266874999999999 0.202625 0.1986875