4 0.9015625 0.5253125 0.19693750000000002 0.20631249999999998
4 0.5033125 0.7354375 0.207125 0.20206249999999998
1 0.1300625 0.8091250000000001 0.260125 0.141875
1 0.198 0.6349375 0.1341875 0.20618750000000002
1 0.5631875 0.6060625 0.591 0.1531875
1 0.7885 0.4375 0.133625 0.1698125
1 0.9263125000000001 0.41537499999999994 0.14737499999999998 0.12081249999999999
1 0.9551875000000001 0.1750625 0.089625 0.3500625
4 0.0865625 0.3961875 0.1730625 0.7924375
4 0.47531249999999997 0.2960625 0.5991875 0.5921875
4 0.875875 0.193625 0.195125 0.38725