3 0.30212500000000003 0.10018750000000001 0.1999375 0.1993125
3 0.5023125 0.09962499999999999 0.2004375 0.1993125
3 0.7054375 0.10024999999999999 0.20099999999999998 0.20049999999999998
3 0.903875 0.0990625 0.1921875 0.198125
3 0.29862500000000003 0.505375 0.1869375 0.20656249999999998
3 0.497 0.50525 0.20387499999999997 0.2109375
3 0.7 0.5040625000000001 0.20193750000000002 0.213375
3 0.9021250000000001 0.503 0.19575 0.21349999999999997
3 0.30093749999999997 0.7123125 0.1915 0.20768749999999997
3 0.49775 0.70925 0.205375 0.208625
3 0.7010625 0.711875 0.20637500000000003 0.20206249999999998
3 0.9021250000000001 0.7088125 0.19575 0.205375
0 0.6024375 0.9091875 0.4218125 0.18162499999999998