3 0.124 0.1193125 0.19775 0.207125
4 0.325875 0.11781250000000001 0.20593750000000002 0.205
4 0.5 0.3226875 1 0.19724999999999998
4 0.9109375 0.1210625 0.17806249999999998 0.202
3 0.7226250000000001 0.11699999999999999 0.20237500000000003 0.20099999999999998
4 0.22156250000000002 0.524875 0.4006875 0.200625
4 0.725375 0.52325 0.20787499999999998 0.2045
4 0.5215625 0.72475 0.201125 0.20418750000000002
4 0.11200000000000002 0.7241875 0.2240625 0.2030625
4 0.4185625 0.912125 0.8064375 0.1756875
4 0.9145 0.72375 0.17099999999999999 0.1996875
3 0.322 0.7255 0.195875 0.2010625
3 0.7212500000000001 0.726 0.20187499999999997 0.199625