1 0.1480625 0.23718750000000002 0.2960625 0.137125
1 0.221875 0.4220625 0.15131250000000002 0.230875
1 0.3920625 0.468875 0.1921875 0.135875
1 0.4208125 0.6354375 0.13874999999999998 0.20006249999999998
1 0.5961875 0.6584375 0.2089375 0.15887500000000002
1 0.6378125 0.8376875 0.13174999999999998 0.1919375
1 0.7918125 0.903875 0.1685 0.1921875
4 0.09718750000000001 0.6285624999999999 0.19443749999999999 0.7429375
4 0.2900625 0.73525 0.1863125 0.5295
4 0.483375 0.8390000000000001 0.19793750000000002 0.3219375
4 0.681875 0.935125 0.193875 0.12975