3 0.3141875 0.11381250000000001 0.2038125 0.19693750000000002
3 0.9109375 0.1149375 0.17806249999999998 0.19924999999999998
3 0.1194375 0.5171875 0.19875 0.199
4 0.5 0.3178125 1 0.19693750000000002
4 0.42474999999999996 0.5206875 0.40843749999999995 0.2065
4 0.21218750000000003 0.7233125 0.4243125 0.201375
4 0.61025 0.9133125 0.7795 0.173375
4 0.7258125 0.7264999999999999 0.198125 0.1994375
4 0.9112500000000001 0.5195624999999999 0.1775 0.2053125
3 0.520875 0.72325 0.18912500000000002 0.197625
3 0.913625 0.7199375 0.17275000000000001 0.1910625
4 0.5183125000000001 0.11668750000000001 0.2064375 0.20031249999999998