4 0.1085 0.1209375 0.217 0.1994375
4 0.508875 0.3194375 0.9823124999999999 0.1955
4 0.7230624999999999 0.11868749999999999 0.20800000000000002 0.199625
4 0.620625 0.5230625 0.401625 0.2065
4 0.91275 0.7259375 0.17450000000000002 0.1995625
4 0.31975 0.7235625 0.5994375 0.1994375
4 0.1103125 0.9115624999999999 0.2206875 0.176875
4 0.70875 0.9109375 0.5825625 0.17806249999999998
3 0.31575000000000003 0.5220625 0.2045 0.20425
3 0.725875 0.7259375 0.1993125 0.20031249999999998
3 0.517625 0.11568750000000001 0.20031249999999998 0.20550000000000002