4 0.5195000000000001 0.3186875 0.2111875 0.2105
4 0.5 0.5211875 1 0.1980625
4 0.4186875 0.7245 0.3986875 0.20600000000000002
4 0.20837500000000003 0.9139375 0.4168125 0.1721875
4 0.7238749999999999 0.91275 0.20725 0.17450000000000002
4 0.9098124999999999 0.72275 0.1804375 0.205
3 0.319125 0.3156875 0.1995625 0.20206249999999998
3 0.9109375 0.31443750000000004 0.17806249999999998 0.20193750000000002
3 0.11687499999999999 0.7204375 0.20074999999999998 0.202625
3 0.517125 0.9115624999999999 0.19693750000000002 0.176875
3 0.912125 0.912125 0.1756875 0.1756875