4 0.5208125 0.1254375 0.6029375 0.2013125
4 0.810125 0.324125 0.3796875 0.1978125
3 0.9115624999999999 0.12393749999999999 0.176875 0.20074999999999998
4 0.20875 0.32687499999999997 0.4174375 0.19618750000000001
4 0.709875 0.5287499999999999 0.5801875 0.1966875
4 0.8095625 0.7323125 0.38087499999999996 0.198125
4 0.908 0.9139375 0.1839375 0.1721875
4 0.5185 0.9145 0.19724999999999998 0.17093750000000002
3 0.7176875 0.9145 0.1995 0.17093750000000002
4 0.21862499999999999 0.7315 0.402375 0.1988125
4 0.118 0.5301875 0.20056250000000003 0.1995625