4 0.81075 0.321125 0.3785625 0.2035625
4 0.12268749999999999 0.321125 0.2123125 0.2011875
4 0.41312499999999996 0.5209374999999999 0.8263125 0.1951875
4 0.9133125 0.719125 0.173375 0.2024375
4 0.8113125 0.9133125 0.377375 0.173375
4 0.525875 0.7220625 0.2026875 0.213
4 0.324125 0.9139375 0.2024375 0.1721875
4 0.1129375 0.7212500000000001 0.22581250000000003 0.2089375
3 0.11487499999999999 0.9115624999999999 0.1920625 0.176875
3 0.52125 0.9139375 0.1935 0.1721875
3 0.5214375 0.318 0.1985625 0.20437500000000003