3 0.30656249999999996 0.199875 0.2004375 0.39975
3 0.5048125 0.199875 0.193625 0.39975
3 0.7073750000000001 0.199875 0.20725 0.39975
3 0.9050625 0.1993125 0.189875 0.39856250000000004
3 0.2963125 0.704375 0.19043749999999998 0.20325000000000001
3 0.89975 0.7036875 0.20049999999999998 0.2069375
3 0.7033750000000001 0.7056250000000001 0.1911875 0.20606249999999998
3 0.49924999999999997 0.7058125000000001 0.2098125 0.20406249999999998
3 0.89975 0.9028750000000001 0.20049999999999998 0.19424999999999998
3 0.7030624999999999 0.9043125 0.1911875 0.19137500000000002
3 0.295875 0.9034375000000001 0.19043749999999998 0.1931875
3 0.49906249999999996 0.9035624999999999 0.2098125 0.192875