4 0.31856249999999997 0.12775 0.6018125000000001 0.1989375
4 0.31875 0.429 0.20350000000000001 0.40512499999999996
4 0.5181250000000001 0.5326875 0.199625 0.19975
4 0.908625 0.126125 0.1828125 0.195625
4 0.810125 0.325875 0.3796875 0.203625
4 0.908625 0.5304375 0.1828125 0.19775
4 0.7190624999999999 0.7335625 0.20456249999999998 0.20056250000000003
4 0.1154375 0.7324375 0.203125 0.20074999999999998
4 0.317125 0.9156875 0.198 0.168625
3 0.11837500000000001 0.3310625 0.1995625 0.20925
3 0.9098124999999999 0.733 0.1804375 0.1994375