4 0.5001249999999999 0.3018125 0.60875 0.195625
4 0.299875 0.7030000000000001 0.20350000000000001 0.1985
3 0.5999375 0.5972500000000001 0.395375 0.4110625
3 0.90075 0.596 0.1985 0.40862499999999996
0 0.501625 0.875125 0.3011875 0.24975
3 0.0973125 0.6008125 0.1945625 0.798375
3 0.0990625 0.10200000000000001 0.198125 0.20400000000000001
3 0.2985625 0.1008125 0.198625 0.201625
3 0.49924999999999997 0.09962499999999999 0.1990625 0.19924999999999998
3 0.699875 0.09962499999999999 0.20406249999999998 0.19924999999999998
3 0.9015000000000001 0.10137499999999999 0.197 0.2028125